Quand on test sur les valeurs d'entrainements :

[[908   0   0   0   0   0   0   0   0   0   0   0   0   0   0   0   0   0
    0   0   0   0   0]
 [  0 893   0   0   0   0   0   0   0   0   0   0   0   0   0   0   0   0
    0   0   0   0   0]
 [  0   0 900   0   0   0   0   0   0   0   0   0   0   0   0   0   0   0
    0   0   0   0   0]
 [  0   0   0 910   0   0   0   0   0   0   0   0   0   0   0   0   0   0
    0   0   0   0   0]
 [  0   0   0   0 906   0   0   0   0   0   0   0   0   0   0   0   0   0
    0   0   0   0   0]
 [  0   0   0   0   0 906   0   0   0   0   0   0   0   0   0   0   0   0
    0   0   0   0   0]
 [  0   0   0   0   0   0 899   0   0   0   0   0   0   0   0   0   0   0
    0   0   0   0   0]
 [  0   0   0   0   0   0   0 885   0   0   0   0   0   0   0   0   0   0
    0   0   0   0   0]
 [  0   0   0   0   0   0   0   0 886   0   0   0   0   0   0   0   0   0
    0   0   0   0   0]
 [  0   0   0   0   0   0   0   0   0 911   0   0   0   0   0   0   0   0
    0   0   0   0   0]
 [  0   0   0   0   0   0   0   0   0   0 892   0   0   0   0   0   0   0
    0   0   0   0   0]
 [  0   0   0   0   0   0   0   0   0   0   0 884   0   0   0   0   0   0
    0   0   0   0   0]
 [  0   0   0   0   0   0   0   0   0   0   0   0 898   0   0   0   0   0
    0   0   0   0   0]
 [  0   0   0   0   0   0   0   0   0   0   0   0   0 898   0   0   0   0
    0   0   0   0   0]
 [  0   0   0   0   0   0   0   0   0   0   0   0   0   0 920   0   0   0
    0   0   0   0   0]
 [  0   0   0   0   0   0   0   0   0   0   0   0   0   0   0 897   0   0
    0   0   0   0   0]
 [  0   0   0   0   0   0   0   0   0   0   0   0   0   0   0   0 894   0
    0   0   0   0   0]
 [  0   0   0   0   0   0   0   0   0   0   0   0   0   0   0   0   0 920
    0   0   0   0   0]
 [  0   0   0   0   0   0   0   0   0   0   0   0   0   0   0   0   0   0
  906   0   0   0   0]
 [  0   0   0   0   0   0   0   0   0   0   0   0   0   0   0   0   0   0
    0 901   0   0   0]
 [  0   0   0   0   0   0   0   0   0   0   0   0   0   0   0   0   0   0
    0   0 899   0   0]
 [  0   0   0   0   0   0   0   0   0   0   0   0   0   0   0   0   0   0
    0   0   0 895   0]
 [  0   0   0   0   0   0   0   0   0   0   0   0   0   0   0   0   0   0
    0   0   0   0 892]]


Avec un autre patient :

[[905   2   0   0   0   0   0   0   0   1   1   0   0   0   0   0   0   0
    0   0   0   0   0]
 [  1 341  67  33  10  20  18  21   1   1   2   1  18   3  72   2   0   3
    6  97 162   9   6]
 [  0  39 219  54  22  59  40  22  46  11  11  19  32  11  95  15  13   3
   10  84  84   4   7]
 [  0   0   4 752  99  13   7   0   3   0   0   0   0   3   0   1   3   2
    0   0   0   0   0]
 [  0   0   0 102 571  10   1   0 174   0   0   0   0   3   1  20  12   1
    0   0   0   0   0]
 [  0   0  12  59   9 107   7   0 436   0   0   0   0  33   0 131 104   0
    2   2   0   1   3]
 [  0   6  27   1   1  38 581  87   7   0   0   0  21   0  57   3   1   1
    1  16  50   2   0]
 [  0   6   2   0   0   0  30 844   0   0   0   0   0   0   0   0   0   0
    0   1   3   0   0]
 [  0   0   6   2  41   4   1   0 778   0   0   0   0  14   6  19  18   0
    0   1   4   0   0]
 [ 12   0   0   0   0   0   0   0   0 899   0   0   0   0   0   0   0   0
    0   0   0   0   0]
 [  0   0   2   0   0   0   0   0   1   3 691 195   0   0   0   0   0   0
    0   0   0   0   0]
 [  6   1   1   0   0   0   0   0   1   3 328 545   0   0   0   0   0   0
    0   0   0   0   0]
 [  0  38  26   0   0   0   0   0   2   0   0   0 815   2  15   0   1   0
    0   0   0   0   0]
 [  0   0  10   0  15   3   0   0 280   3   0   0   9 191  85 166 137   0
    1   7   0   0   0]
 [  0   0   0  29   2   2   4   2   1   0   0   0   5   0 854  15   4   0
    0   0   2   0   0]
 [  0   0   3   5   9   4   6   0  45   0   0   0   1   1  19 677 124   1
    1   0   1   0   0]
 [  0   0  14   3  10   5   3   0  53   0   0   0   0   0   1 139 655   0
    5   0   6   0   0]
 [  0   0  58   0   0  15   5   0   4   0   0   0   0   0   0 122  20   0
    1   0  22   0   0]
 [  0   2  13   0   0  83   0   0  12   0   0   0   0   0   0   2  61  12
  387  67   2   0   0]
 [  0   4   2   0   0   2   0   1   0   0   0   0   0   0   0   3   1   0
    3 600 292   0   0]
 [  0   2   2   1   2   8   3   5   1   0   0   0   0   0   0   0   4   0
    0 174 700   0   0]
 [  0 201  54   8   5 136   4   0   2   0   0   0   1  19   0   0   0   0
    1  13  17 373  64]
 [  0 255  31   1   0  94   5   0   0   0   0   0   0  18   0   0   0   0
    2  21  47 121 301]]

    